2 0.02

1.2 5.32 2.24
1.52 2.16 -1.52

1.2000000000035824 5.319999999964624 2.239999999957907
1.5199999999964176 2.1600000000353763 -1.5199999999579068

1.2000000000107471 5.319999999893872 2.239999999873721
1.5199999999892528 2.1600000001061286 -1.5199999998737204

1.2000000000214943 5.319999999787743 2.2399999997474414
1.5199999999785057 2.160000000212257 -1.5199999997474407

1.200000000035824 5.319999999646239 2.2399999995790685
1.519999999964176 2.1600000003537616 -1.519999999579068

1.2000000000537359 5.319999999469358 2.2399999993686026
1.5199999999462641 2.1600000005306423 -1.5199999993686022

1.2000000000752302 5.319999999257101 2.2399999991160433
1.5199999999247698 2.1600000007428997 -1.519999999116043

1.200000000100307 5.319999999009468 2.239999998821391
1.519999999899693 2.160000000990533 -1.5199999988213908

1.2000000001289663 5.319999998726459 2.2399999984846457
1.5199999998710336 2.1600000012735427 -1.5199999984846453

1.200000000161208 5.319999998408074 2.239999998105807
1.519999999838792 2.1600000015919285 -1.5199999981058065

1.200000000197032 5.319999998054312 2.2399999976848752
1.519999999802968 2.1600000019456904 -1.5199999976848748
